[Project1] 2096 1588148170.215736751 1588148170.926308157
[Project1] 2097 1588148171.602292584 1588148172.320407892
[Project1] 2098 1588148172.945861124 1588148173.636420760
[Project1] 2099 1588148174.338294927 1588148175.042039721
[Project1] 2100 1588148175.718059990 1588148176.395376079
[Project1] 2101 1588148177.086190402 1588148177.795735650
[Project1] 2102 1588148178.442389838 1588148179.134145537
[Project1] 2103 1588148179.852296963 1588148180.513880373
[Project1] 2104 1588148181.155422907 1588148181.844861483
[Project1] 2105 1588148182.551215564 1588148183.235769480
