[ 7398.074236] [Project1] 5053 1587811181.438036469 1587811182.350052602
[ 7400.024251] [Project1] 5054 1587811183.343414637 1587811184.300068414
[ 7401.944815] [Project1] 5055 1587811185.246096006 1587811186.220561858
[ 7403.854717] [Project1] 5057 1587811187.163905644 1587811188.130532499
[ 7405.771534] [Project1] 5058 1587811189.070837125 1587811190.047349954
[ 7407.697949] [Project1] 5059 1587811191.004353407 1587811191.973765989
[ 7409.589579] [Project1] 5060 1587811192.896859053 1587811193.865396912
[ 7411.501862] [Project1] 5061 1587811194.801294749 1587811195.777679229
[ 7413.418175] [Project1] 5062 1587811196.737253020 1587811197.693993810
[ 7415.297907] [Project1] 5063 1587811198.631791923 1587811199.573723488
