[17751.058820] [Project1] 6928 1587821534.305785670 1587821535.334635172
[17753.114652] [Project1] 6929 1587821536.367719334 1587821537.390446741
[17755.185255] [Project1] 6930 1587821538.420083741 1587821539.461070965
[17757.252488] [Project1] 6931 1587821540.519626168 1587821541.528296710
[17759.289494] [Project1] 6932 1587821542.573088395 1587821543.565307587
[17761.308481] [Project1] 6934 1587821544.592418710 1587821545.584274998
[17763.346631] [Project1] 6935 1587821546.614404331 1587821547.622444228
[17765.399282] [Project1] 6936 1587821548.668522830 1587821549.675098902
[17767.444307] [Project1] 6937 1587821550.712859181 1587821551.720121151
[17769.489016] [Project1] 6938 1587821552.773672662 1587821553.764832870
