[12343.251867] [Project1] 3008 1587969734.873894639 1587969735.870011305
[12345.259777] [Project1] 3009 1587969736.860063628 1587969737.876915306
[12347.306732] [Project1] 3010 1587969738.908660448 1587969739.922847207
[12349.241471] [Project1] 3011 1587969740.867207867 1587969741.856607846
[12351.614565] [Project1] 3012 1587969743.148032312 1587969744.228528812
[12353.940335] [Project1] 3013 1587969745.432700738 1587969746.553127179
[12355.927684] [Project1] 3014 1587969747.541149438 1587969748.539488722
[12358.079756] [Project1] 3015 1587969749.695926601 1587969750.690484508
[12360.234795] [Project1] 3016 1587969751.786917888 1587969752.844447507
[12362.845870] [Project1] 3017 1587969754.355604386 1587969755.454215033
